11888,14584,15957
5651,6324,6408,9023,14507,15780
199,443,6042,6134
6003,14525
12239,17157
46,290,6133,16082
1590,8671
6673,8052,12633,15952
9759,15084
4865,5056
10695,13519
2876,5181
10583,15105,15352
12763,15500
6528,9045
660,13393,17662
1066,11858,14842
8517,9644,13930,16082
5194,9939
331,4705
6810,11677
9712,10491,15730
9712,16468,17109,17482
5802,8493
3282,11077
15436,15858
6437,13050
1112,8691
201,6398,12694,14383
2376,14545
1503,6235
8159,9939
3526,3879
10088,14274
1202,14484
7532,14618
3875,15156
8197,10358
10695,10883
6231,9429,12399,13605
9939,13964
10451,13484
12965,15991
8159,16415
571,11987
16320,17704
2800,16022
5414,7899,12526
3917,9188,9471,10466
9415,14940
7389,12158,13628
897,2200
3321,5055,7060
12497,15450
2812,13354
732,9946
9398,13580
6024,10960,16047
3333,12755
8199,11323,15952
7160,15922
5515,11804
3138,13234
14029,14364,16819
11236,14364
7596,8079,12397,13629,14147,16291
5926,7511
2519,11442
3290,6205
1771,10004,12694,14873
6486,11673
1137,2519,17174
886,9528
5327,9628,12694
1134,11994
15129,17076
1743,15553
5496,17467
6666,11931
6037,13552
4352,17085
8511,9426
6231,10466
6235,12991,17538
2114,2745,6860
6450,8339,8928
197,621,5327,16922
331,8079
14574,17119
8294,15105
10466,11882,13195
13787,16640
8107,9686,14574
10378,15048
2414,6281,11134
2655,6810,10066,10191,15741
1336,4829
1435,11277
3216,3357
2095,8531
4773,10288
13207,14961
4705,8853,9234,16063
6844,14827
6268,17560
11182,12911
6556,15437
5395,6484,6860
12605,16912
1274,3612
3197,4472,12852
11166,12246,17474
12911,15530
2802,5204
1661,8621
10820,15531
10158,11607,17474
3766,17460
1450,2095,2235,11284
1144,9685
3972,13248
662,2102,2803
7767,7879,10984,17004
3680,6042,16984
6844,16393
357,10158,11313
6240,7181,8826
5614,15385
8821,12439
1096,8393,14477,15465
6946,14050
2755,11829
8317,16707
2020,6946
4472,10886,12870
12427,17221
11781,16941
10225,14707
686,7445,7765,11607
8571,9946,12667,15305
1606,9979
12966,17449
7347,13526
58,14303,16201
9065,11384,12732,13524
9509,15540
1596,5928
5327,11607
9728,10622,11789,13614
7430,11166,15952
148,9733,10436,13941,14003
398,6240,11745
9939,17372
4736,14233
1434,8595,8596,12275,12355,13217,14254,16587
3312,16201
10695,13082
3232,3593
6302,7610,9634,10936
2101,17405
1975,4227,16703
3256,3689
4385,13050
1057,12945
10225,16343
10088,10413
599,16793,17059
9542,11077,13391
963,6017
1703,5016,6666,8344
16506,16640,17393
1969,5480
3817,4089,14918,16671
843,8599
3875,9245,11752,11771
419,9762
1267,13255
3487,5112,5617,6886,6971,14075,16115
11802,14187
3263,11789
5642,10421,10583,17405
5730,14296
645,9481
4979,12890
3385,12676
1435,2523,7745,10426,17613
581,10820
9426,11752
10861,11829
2246,16784
2803,13580,16499
11804,17346
9653,10345
6760,10158,12578,13706
16262,16343
118,10080
331,2314
5515,11665,16732
7940,11152,13651
5190,10042,11903,16223
6978,11005
7173,7368,9626,10449,14601
4266,12493
14724,16912
1655,15820
12838,12975,16372
3017,3385,8699,12466,17378
312,10275
4633,6817,9598,16526
5788,8755
2834,3917,8677
1800,3538
2633,6829
1969,2372,13629
331,15922
8480,13567,16361
2114,8085,13547,14855
13812,17359,17671
6223,6352,6849,7391,15934,16357
8845,15058
6950,12795
4661,11955,13207,14545,16984,16986,17207
2780,5406
14383,17703
10119,11644
357,3925
6874,9762
13155,13412
886,3385
1289,7256
2310,17621
256,5926
9686,16022
2371,7524,15922
12487,16008,16445
5327,6721,8197,12792
5432,13442
217,8651
58,9381
3290,4914,6024,15662
10103,16864
1180,5204,12587,13418,16912,17565
9757,10337,12019,16265
6833,11134
9525,12003
645,3538,12141
4909,17100,17179
10640,16704
7173,15342,15531
2955,3875,16793,17541
3914,9864,15952
8393,16438
7545,13629
8216,15662
3288,10466
9864,14387
2448,4299,4345
2152,2533
1435,1668
9984,16997,17549
4425,11490,13244,16707
982,12071
3875,14459
599,4649
1798,15712
2470,6235
1854,15646
4874,17560
2662,3835,5922
3680,10426
4080,4289
9498,13255
8339,14583,15509
2009,16128
2236,5762,7669,9204,9381
268,607,5004,16984
4287,5644
15545,16186
12092,12966
4931,7971
14644,17308
10550,13327,15646
4306,6264
2194,3138
8596,8699
12966,14621
5886,7590,10449,15129
3900,8840
6223,13015
10304,12493
3817,6978
9653,13614
4271,13255
3220,6289,11651
2290,8118,12158
10451,10583
3058,8526
3828,15530
4653,9525,10231
10158,12549
2613,4425
2889,12567
1798,13383
3347,7233
2456,5401
3310,12285
1632,2525,5401
2499,13767
2862,5972,15171
1123,6810,11315,13423,15769
4345,13468
7517,11485
1615,6974,12763
9528,10225
6775,17008
3058,16939
6274,11153,13058
4974,6635
2290,6362,7932
1336,15820
3571,13519
2796,7395,14248
2495,4345,7633,10231,10397
3414,10820,14296
6580,12818
3626,9950
2235,16438
3427,12838
1765,5704,8295
732,6602
1257,15730
96,4705,16259
3689,5227,9727,13517,17085
1843,3098,4721,11077,13886,14961,15048
3826,4892,9939,15769
2250,14296
6037,15818
9039,14574
5926,8699
897,8886
9208,11511
5837,10583
6922,12300
2016,10298
1050,12974
12052,12102
3071,10724
1616,12732
313,660,5008,6673,7879,16325
8580,11309
2900,17180
954,6810,8677
2192,12486,13029
11840,16052
7164,15237
6014,10730
571,1476,7755
3611,16265
5863,17460
313,516,1865,4433,8033,10721,11771,13594,13784,14574
1066,16659
750,2795,5228,6281,6974,11490,13705,14978
9774,12694
8569,17292
1590,2350,12459
3033,15373
2194,4266,4778,9814,10358,11662,16171
3826,4985
8317,12497
11284,15134
1066,2009
10564,13824
14999,17198
2913,7745,10281,13217
13082,17474
6824,16546
3312,13580
442,1145,12084
11752,15345
3911,16263
5401,9939,11745,13413,15741
8141,12677
10292,12409
5320,12726,15997
1709,6837,16343
14593,14723
5191,15339
11089,14725
1795,3071,3348
11182,12056
5190,15538
5807,12870,17707
857,10583
12092,14661
1962,17482
1511,9235,11781,16984
1587,11101,13029
3397,14439
6890,14601,14644,16707
2102,8015,12975
7180,12022,16357
5787,9609
2372,3689
12925,15309
361,1051
8178,10583,10730
5327,5345,13058
13853,15182
9110,12071
2109,6931
15450,17171
2643,12092
3106,14259
30,3954,9685
516,8339
5644,9864
4386,16344
111,1142
2329,2464
111,5191,14584
442,8782,11401
4306,11182
562,6223
2435,12157,16947
2461,4946
10236,16265
3666,11784
3551,17157
2724,11284
6827,16809,17001
5532,6296
12056,15646
1145,4914,7523
9864,12636
14842,15345
7939,11903
14259,15137
3138,9784,11586,13098,13695
10369,11931
4482,9571
3197,6315,9756,16695
311,2519,3237,13056
6235,16140
8524,10146,14313
4829,11589,14459
10564,17420
257,392,5401,6231,9481,9677,12605,13255,15365
8113,15449
3611,6287
1234,7145
13808,16567
5104,8197,12317
2177,4990,6736
843,7511
3522,5042
14961,16930
4324,12759
9169,10358,13728
211,10426
1202,3418,9129,10032,15730,16343,16439
7150,14855
2010,6014,16265
507,16511
6085,9354,11315
3232,14999
9359,10466
7234,10785
4640,13418
6096,7264,8835
587,1843,4454,9705
3917,6635
686,5521,8544,11987,12206,13146
732,16703,17449
3369,16622
1112,2456,12435
10047,11213
1174,6971
3875,6486
11652,12926
644,4736
3055,6007,17449
571,10392,12838,14135,15628
312,1743,16286
3159,12246
7635,13058
2732,10883
1046,11242
1962,16948
3464,4745
11218,17169
951,10704,17597
6718,6824
7219,11987
1267,11301
12633,17631
28,9534,12694,14190
6268,13255
392,11025
253,4881,11658
9596,11435